  1    1                2 9.159e-06
  2    2                5 1.739e-06
  3    3                6 1.309e-06
  4    3                6 1.318e-06
  5    4                7 1.394e-06
  6    4                7 1.424e-06
  7    5                8 1.634e-06
  8    5                8 1.288e-06
  9    5                8 1.259e-06
 10    6                9 1.663e-06
 11    6                9 2.470e-06
 12    6                9 4.860e-07
 13    7               10 4.800e-07
 14    7               10 5.200e-07
 15    7               11 6.470e-07
 16    7               10 5.490e-07
 17    8               11 5.480e-07
 18    8               11 5.210e-07
 19    8               11 5.660e-07
 20    8               12 6.810e-07
 21    9               13 4.098e-06
 22    9               13 1.204e-06
 23    9               13 1.229e-06
 24    9               14 9.750e-07
 25    9               13 6.930e-07
 26   10               14 6.600e-07
 27   10               15 8.040e-07
 28   10               15 8.000e-07
 29   10               15 8.190e-07
 30   10               13 9.820e-07
 31   11               14 9.100e-07
 32   11               14 1.396e-06
 33   11               14 7.880e-07
 34   12               15 8.270e-07
 35   12               15 8.760e-07
 36   12               15 7.880e-07
 37   13               16 7.370e-07
 38   13               16 7.920e-07
 39   13               16 7.490e-07
 40   14               17 8.450e-07
 41   14               17 8.320e-07
 42   14               17 6.270e-07
 43   15               18 6.460e-07
 44   15               19 7.830e-07
 45   15               19 6.930e-07
 46   15               18 1.105e-06
 47   16               20 7.370e-07
 48   16               20 7.770e-07
 49   16               21 7.480e-07
 50   16               19 6.670e-07
 55   19               22 2.338e-06
 60   21               24 7.480e-07
 65   23               26 6.450e-07
 70   25               28 6.730e-07
 75   26               29 7.700e-07
 80   27               31 8.690e-07
 85   28               32 9.540e-07
 90   29               34 9.380e-07
 95   32               39 1.227e-06
100   34               41 1.040e-06
110   39               46 2.127e-06
120   41               49 1.102e-06
130   43               47 1.142e-06
140   45               48 9.430e-07
150   47               52 1.208e-06
160   52               59 1.288e-06
170   57               64 1.234e-06
180   60               67 1.201e-06
190   62               69 1.535e-06
200   64               68 1.368e-06
220   71               77 3.307e-06
240   78               84 1.717e-06
260   82               87 1.773e-06
280   89               94 1.421e-06
300   97              102 1.663e-06
320  101              106 1.749e-06
340  110              115 1.155e-05
360  115              122 1.856e-06
380  119              125 4.201e-06
400  127              134 1.893e-06
420  132              138 3.297e-06
440  137              140 1.875e-06
460  144              147 1.941e-06
480  149              152 1.853e-06
500  154              159 2.114e-06
520  162              168 2.048e-06
540  166              170 2.186e-06
560  174              179 2.309e-06
580  181              187 2.287e-06
600  185              188 2.149e-06
620  191              196 2.345e-06
640  198              203 2.159e-06
660  203              208 2.526e-06
680  209              214 2.510e-06
700  217              222 2.474e-06
720  222              228 2.680e-06
740  231              237 2.486e-06
760  236              243 2.654e-06
780  239              247 3.020e-06
800  248              256 2.958e-06