 1   1                2 3.080e-06
 2   2                3 4.970e-07
 3   3                5 5.600e-07
 4   3                8 4.790e-07
 5   4               13 5.420e-07
 6   4               22 8.250e-07
 7   5               36 8.300e-07
 8   5               60 1.161e-06
 9   5              100 1.467e-06
10   6              167 1.936e-06
11   6              279 5.013e-06
12   6              465 5.049e-06
13   7              777 4.437e-05
14   7             1297 1.448e-05
15   7             2165 1.805e-05
16   7             3614 2.771e-05
17   8             6031 4.355e-05
18   8            10065 1.670e-04
19   8            16795 1.712e-04
20   8            28024 2.993e-04
21   9            46758 3.274e-04
22   9            78011 5.222e-04
23   9           130089 8.748e-04
24   9           216968 1.515e-03
25   9           359706 2.314e-03
26  10           597823 4.587e-03
27  10           995046 6.741e-03
28  10          1655498 1.163e-02
29  10          2757259 1.797e-02
30  10          4593012 3.296e-02
31  11          7651017 4.897e-02
32  11         12747967 8.417e-02
33  11         21239691 1.565e-01
34  12         35390165 2.410e-01
35  12         58969547 3.824e-01
36  12         98258424 6.467e-01
37  13        163727428 1.142e+00
38  13        272817267 1.894e+00
39  13        454593881 3.074e+00
40  14        757489987 5.210e+00
41  14       1262204160 9.176e+00
42  14       2114047092 1.354e+01
43  15       3533472456 2.501e+01
44  15       5898663878 3.869e+01
45  15       9850621736 6.309e+01
46  16      16352251531 1.056e+02
47  16      27196767437 1.762e+02
48  16      45288671397 2.948e+02
49  16      75373390362 4.898e+02
50  17     125557790155 8.138e+02
55  19    1421772009146 9.006e+03